/*--------------------------------*- C++ -*----------------------------------*\
| =========                 |                                                 |
| \\      /  F ield         | OpenFOAM: The Open Source CFD Toolbox           |
|  \\    /   O peration     | Version:  2.2.0                                 |
|   \\  /    A nd           | Web:      www.OpenFOAM.org                      |
|    \\/     M anipulation  |                                                 |
\*---------------------------------------------------------------------------*/
FoamFile
{
    version     2.0;
    format      ascii;
    class       labelList;
    note        "nPoints:6930  nCells:6772  nFaces:23781  nInternalFaces:10079";
    location    "constant/polyMesh";
    object      neighbour;
}
// * * * * * * * * * * * * * * * * * * * * * * * * * * * * * * * * * * * * * //


10079
(
18
360
540
66
231
856
341
984
1090
81
111
745
12
1215
1666
167
171
213
45
1669
2277
589
706
3507
445
517
3491
234
264
532
122
596
863
198
329
2246
1376
1941
16
203
2349
243
273
935
80
999
1219
355
541
359
604
876
866
113
1979
2055
33
251
878
53
1461
1552
455
546
4529
48
333
474
267
319
961
129
156
2137
321
395
417
109
314
2083
544
593
5537
177
230
2561
44
182
2213
224
576
2186
281
2079
2625
90
1895
238
348
626
433
1146
1150
187
254
654
194
2010
2583
77
110
2694
205
408
1587
82
419
538
330
418
760
140
222
1332
184
407
1590
413
2123
90
91
148
681
1185
192
2029
2604
70
183
85
264
594
60
558
634
547
645
4222
64
447
2366
200
890
166
442
1391
314
504
710
284
2070
2619
733
781
5035
278
891
958
159
375
1204
1041
92
192
782
178
332
372
136
826
1094
346
440
103
538
1400
1178
2304
89
102
310
846
1596
167
553
668
798
1078
210
1393
2597
91
1557
1888
123
323
2222
437
1371
1388
505
628
2197
196
840
1404
509
565
441
471
2243
311
1578
1760
86
1654
940
1085
425
549
585
1206
1330
91
374
451
704
2710
680
1161
150
433
2040
633
703
3780
143
1655
374
998
1835
472
718
1004
146
265
2720
96
483
647
488
2143
338
1141
2689
202
1990
2592
130
378
1717
197
237
420
121
780
1717
196
1312
144
764
217
477
866
261
1916
2582
122
385
2391
410
1893
2616
395
884
1601
316
339
1506
2216
304
515
398
2117
2648
139
885
146
174
2657
249
417
1772
206
539
1962
171
329
739
263
552
773
209
550
2148
126
802
1672
188
2182
1326
424
609
511
691
1908
430
735
773
217
475
1239
1887
165
1937
2579
785
801
159
1082
629
927
1072
351
506
1033
157
186
933
575
590
1635
880
1012
5527
841
2407
649
650
792
263
410
1110
185
732
149
2289
191
565
1671
318
738
359
2446
549
820
512
611
1588
207
225
2047
2618
1325
2303
540
900
577
2694
237
597
1154
429
745
1500
785
1495
1841
354
489
2534
226
625
2035
604
2395
332
383
776
826
4892
466
179
414
823
762
838
4516
176
699
1245
164
1363
2321
558
906
683
1331
433
533
2257
492
560
2259
626
1348
1920
450
2025
2641
1340
181
1216
1475
282
457
1730
453
2570
334
797
2138
523
1446
792
1504
897
1648
651
744
582
689
1166
1122
2134
819
2350
2566
2605
482
1925
734
1045
1198
2384
2555
613
1161
313
1709
4221
243
526
1221
584
2072
623
292
1599
2524
638
1368
695
837
999
545
1094
338
2443
328
539
620
269
1313
321
725
1129
720
1454
724
1423
298
799
1031
788
897
661
724
2169
2202
235
804
2209
371
1180
682
1009
711
830
964
467
727
1130
1004
2500
246
421
867
397
449
1897
420
1966
2638
1292
233
1224
1682
320
1105
1801
260
1380
1920
506
1580
2116
360
583
519
673
1753
568
1801
578
1590
947
2598
763
1135
2094
476
1089
1582
479
792
1021
1121
2185
1380
1802
508
1838
2492
1288
2181
642
1598
341
1635
456
1465
1466
1658
508
1485
346
467
1667
798
1228
2179
879
955
3583
416
531
1021
2394
368
961
1074
658
691
2676
331
652
460
519
1888
308
1122
2136
494
1123
327
743
1905
396
456
867
948
3335
601
603
1864
610
653
350
573
952
573
955
2440
259
2089
2497
280
336
676
376
2649
856
1413
1210
1435
875
957
4142
1028
1023
1038
1246
364
531
2270
438
794
907
969
4005
393
961
806
1991
2034
458
586
1880
919
974
5731
335
962
979
1059
5933
291
617
1897
667
1579
2528
551
1213
1365
1815
2450
1020
1834
2719
303
708
768
1457
964
2337
664
746
1755
731
1581
809
818
1961
393
569
890
309
1426
2352
784
1456
2608
952
1032
4591
719
1787
2499
727
898
1251
2578
529
1322
1944
315
579
1324
449
530
2274
639
965
1642
570
681
1860
693
1241
976
1052
5747
339
1027
1327
995
1068
5152
992
1067
3245
427
954
767
1271
571
661
2634
945
1035
5808
775
788
2494
831
1157
659
1856
1660
2486
639
1245
362
1770
1969
379
618
741
786
2053
394
1936
1022
1115
5803
936
2287
393
2019
576
1981
2084
1051
1128
4843
1207
1344
347
415
1076
427
696
712
643
2116
2630
596
1069
748
2457
2266
1124
1170
1444
1985
737
2246
2266
441
2623
1482
2014
498
1369
435
782
2604
1315
904
352
1205
2598
2522
663
825
2626
377
1397
2289
1002
1076
3738
567
715
827
588
874
1116
2126
2198
622
630
2374
443
908
817
834
1249
2007
665
1448
2539
924
1614
1614
1957
1181
1211
5134
1227
1278
5369
730
1059
2538
2155
1396
502
730
1051
515
1767
444
606
751
920
1170
533
1631
2222
385
596
794
698
2581
2718
743
794
444
459
1233
507
1570
2171
752
1253
1235
1270
1061
1136
5154
396
465
2551
1053
1719
1332
2623
1161
1219
1091
6058
648
877
2511
783
1044
1215
525
1007
1779
1113
1418
452
1036
1257
1763
696
1016
2303
475
999
1522
902
926
2584
430
789
1350
1118
1192
3444
833
950
2583
882
930
2592
499
528
1822
859
497
1392
905
1853
571
2533
2722
889
1398
1504
865
1152
1928
1193
1253
4597
543
588
2520
513
748
1086
550
1733
2327
1142
1321
5698
692
2618
745
1648
1186
1255
4894
640
687
1112
2433
1277
1341
3995
619
2719
524
2295
536
2372
1319
1778
551
1237
2582
1092
1162
1639
454
2365
439
615
698
764
1483
1779
1614
2016
1042
1271
1116
1220
5192
1056
561
1133
2625
515
1572
516
459
824
2281
917
1048
2624
480
1425
1710
771
2032
619
1020
1511
2111
2169
757
1763
816
1692
543
2076
1332
1705
2497
1664
2090
1135
997
2509
1055
1345
2238
1130
2271
741
1147
2232
898
1682
1798
868
1362
707
1417
463
2056
828
966
752
1386
1679
929
2426
1172
1669
896
836
2512
646
1548
2309
470
783
877
1459
1977
514
1374
2611
1346
2017
800
1867
853
1414
1437
4977
498
708
1049
1055
1534
583
1120
1389
1663
542
618
2044
611
1169
2026
1315
1500
1396
2620
872
1153
2619
1121
1411
1412
2584
958
1039
1544
1478
2338
559
1098
653
790
2544
497
757
892
749
751
763
832
926
1487
1004
2675
541
2404
667
1093
1416
1415
1577
5706
600
915
1009
1101
1189
1040
1065
592
742
1179
700
1458
2366
960
996
1551
2526
1384
1432
5555
674
694
1235
599
1904
861
920
1349
684
685
1382
2353
784
1859
2729
2591
1333
1606
989
1652
2261
858
1972
1722
2542
1156
2130
2005
2031
805
1244
1106
2480
610
1599
2068
1557
592
755
2384
585
983
1514
1232
1387
5183
1660
2205
1272
2654
1280
2273
616
2158
600
701
1615
787
1089
1229
1436
535
1846
1796
1563
1746
1344
641
932
1255
928
1054
1444
1988
944
949
1912
2156
2334
1632
1664
2097
2706
1083
2590
1743
2431
1034
1126
932
1377
677
878
1934
1071
808
884
1431
2616
1340
1588
627
985
1210
1328
1491
5303
850
853
2698
675
1497
1911
1275
2589
1145
2652
982
2078
1805
1892
4303
702
929
2341
1439
1539
5807
2680
1088
1188
2046
1991
2206
1478
2297
1450
1781
2098
1390
693
1238
2095
2398
632
1508
2650
2200
2463
1536
1333
1391
1252
1328
1507
2406
612
910
1761
1057
1554
2686
808
1542
1688
1476
2574
2008
1573
2611
618
1204
1622
1070
598
1182
1231
2723
931
1762
2073
1198
1149
2419
1458
1891
1397
1775
2772
1520
2638
605
1979
1932
2215
2471
1419
1991
699
820
1871
1695
2641
1854
1267
1334
1019
2531
1395
1412
5237
1329
1785
2773
1037
1316
2568
1513
978
1468
680
2219
662
888
877
2732
962
2280
1130
2223
1960
663
1468
716
836
2288
1404
2194
1250
1501
1445
1531
3473
1103
1569
1832
1268
1975
636
1278
671
959
801
1312
1175
1323
2125
1713
2067
1062
2293
2371
2642
722
1229
2199
852
1277
641
977
1015
1160
1591
2490
644
1811
713
704
1974
970
1081
657
1110
1163
2348
722
860
718
2350
1455
2670
803
1702
887
2151
707
2295
828
1097
2530
807
1599
1184
1281
2372
849
1430
2108
2579
2672
687
1148
2219
2376
723
1465
2200
2596
1100
1375
910
1725
2648
1072
2157
1474
1613
5448
1753
1987
2416
1416
1585
5643
1006
2036
2319
1132
1566
831
1338
1543
716
1093
1269
1270
1637
2279
942
956
1466
2332
752
847
1034
737
897
1921
1926
1336
851
1234
945
1530
701
2467
1147
2573
753
1489
2656
1972
983
1383
1681
1230
2094
880
2006
5526
2185
1131
2038
1712
1773
2688
800
2093
1325
709
881
1432
988
2490
1167
2271
2484
1452
1686
1174
2256
1680
769
791
2563
1284
1807
2124
1298
1439
1521
1327
1615
1313
1552
790
1290
1932
2220
1216
1256
1619
973
2297
986
1137
1481
1727
1739
744
1086
1232
1477
1064
1177
1380
1289
1379
2463
1201
939
2597
1501
1683
5149
2175
742
1070
2320
1234
1393
2056
2535
1339
1670
970
1225
1429
1656
860
1047
1010
2658
942
2227
2565
2329
1443
1902
1694
2494
1543
1723
5676
1196
2221
1678
2114
1716
2179
894
1177
2133
2009
2129
2258
891
908
2398
1603
913
1191
812
1265
1481
2171
2678
1619
1657
5644
1392
1533
1910
921
1167
2234
1435
2270
1569
1623
5151
1111
2128
1952
1518
839
888
2058
1005
2388
2668
1042
1226
1408
1696
2018
2108
980
1120
2162
1283
1744
834
981
2622
1262
1499
1703
5736
1641
1921
1119
1639
1099
1307
1906
1579
1638
5447
1190
1379
1860
958
1498
1279
1295
991
2732
2308
2374
1189
1826
1519
2501
2140
1371
1728
791
1056
1306
1714
2108
1190
1336
2615
1259
1698
2154
1304
1790
1169
1108
1217
1219
2155
1668
2301
1021
2077
2463
2472
1819
2658
935
2176
2716
1945
1567
2730
1314
1644
1789
1273
1490
1497
1109
2005
1078
1196
2481
964
1074
1678
822
1302
1596
1072
1455
1456
1604
2438
2606
1739
2139
1518
1662
1726
3236
904
1217
1653
2649
1135
1155
1815
2334
1266
1449
1616
884
866
1292
1306
2335
1192
1123
2727
1260
2000
1834
1640
1791
6054
2532
1239
2091
1218
1776
1375
1575
855
1697
1329
2321
1624
1808
4418
1704
1757
5180
1537
1570
1575
959
1014
1132
1519
1770
1180
2020
1446
2095
2109
2212
1721
2513
1460
2057
963
1087
2262
1360
1594
1646
2452
2125
1591
1786
3821
967
2227
1679
2066
1643
1997
2154
1034
1158
1299
1817
2711
1646
1738
4737
972
1494
1140
1422
2066
1612
1809
5406
886
1771
1813
1394
1525
1876
1378
2064
1578
1835
2373
1281
2462
1138
1210
1535
1768
1406
1218
1784
2290
1050
1858
1287
1999
1690
1848
5207
951
970
1856
2376
1223
1504
936
2522
2561
2302
1533
2019
1609
1812
4546
1802
2489
1661
1847
5047
1373
2505
1063
1018
1148
1190
2412
1670
1850
4826
1968
2061
1375
1570
2248
1936
1576
1690
2421
1410
1594
1544
1046
1510
2562
2548
1070
1179
1667
1214
1324
1636
1092
1151
1538
1560
2448
1222
1799
1223
1407
2147
2216
2643
987
1558
1644
1424
1481
1778
1326
2391
1492
1816
1852
1696
1872
5109
1037
2516
1055
1151
1351
2669
1553
2699
1647
2284
1706
2368
2674
1939
2046
1017
2119
2329
1100
2662
1745
1734
1919
6023
1041
1171
1393
2506
1270
1648
1744
1824
5225
1369
1350
1954
2610
1494
2568
1168
1080
1887
2429
1114
2572
1247
1985
1290
1325
2330
2647
1011
2030
1258
1764
1845
6055
1016
2695
1258
1077
2227
1282
1975
1455
1910
2274
1980
2170
2415
983
2115
1213
2269
2065
2644
1727
1820
3624
1296
1984
1691
1828
2502
1240
1684
1801
2088
1285
2005
1064
1212
2317
1441
1674
1017
1166
1036
2188
1509
1816
1933
2483
1127
1758
1550
1764
1359
1398
1796
2028
1066
2453
1320
2110
2328
2715
1460
1927
1868
1938
5054
1102
1712
1471
1644
1749
1840
5658
1608
1662
1674
1216
1442
1452
2305
1831
5682
1712
2033
1288
1453
2043
1293
1600
2441
1247
1988
1740
1837
4430
1261
2004
1659
2728
1783
1873
5724
2053
1431
2282
1807
1861
1748
2593
1789
1882
4973
2670
1155
2514
2433
1125
2472
2601
2102
2280
1595
1209
1682
1788
1817
1790
1898
3910
1358
2354
2527
2027
2103
4305
1145
1217
1262
1649
1079
1672
2075
1053
1526
2546
1145
2380
1297
2090
1680
2712
1357
2061
2184
1477
1502
2002
1717
2389
1309
1708
1274
1183
1799
1907
5496
1345
1941
1263
2418
2403
2612
1202
1289
1114
2588
1730
2426
2170
2401
1308
1342
2100
1653
2265
1298
1429
1805
1852
1949
6052
1308
1604
1834
2187
1200
1885
1769
4817
1846
2105
1920
2084
2210
2229
2411
1370
2110
1317
2134
1833
2711
1767
2153
1797
1887
2701
1313
1811
1893
3996
1276
1972
2695
2179
1080
1777
2026
1381
1974
1204
2044
2042
5034
1321
1437
3730
1226
2067
2050
1382
1722
1157
2381
1141
1527
1804
1297
2097
1183
2453
1639
1735
1897
2234
1208
1998
2559
1601
2082
1751
2536
2284
2714
2248
1460
2341
1241
1283
2411
2585
1505
1620
2479
2434
2539
1971
4675
1580
2191
2635
1238
1302
1825
1895
1187
1948
6053
1851
2615
1537
2384
2585
1385
2181
1276
2051
2106
4673
1317
2136
1966
5744
1242
1908
2046
1708
1281
2462
2327
2348
1940
6056
1595
2076
1356
2215
1636
1822
1704
1752
1611
2664
1516
1621
2547
1305
1818
2069
2233
1916
5995
1231
1368
2633
1965
4093
1551
2239
2437
1650
2158
2280
1953
2182
2550
1479
1754
1576
2615
2086
5324
1631
1830
2238
1602
1912
2430
2677
1865
2594
2094
1207
2016
2682
1800
2613
1743
1844
1993
2322
2633
1546
2537
1942
5605
1478
1564
2247
1409
2378
2508
2327
1891
1937
4806
2542
1349
2452
1753
2528
1496
1583
1955
1876
5016
1376
1413
1450
1533
1711
1280
2438
2478
1945
2267
2493
2152
4302
1489
1349
1621
1781
1912
1356
2220
1246
2690
1762
2577
1686
1261
1351
1337
1529
2148
1254
1480
1838
1514
1659
2008
2190
1574
2123
2187
2413
1547
1760
2373
1986
5804
1645
2349
1225
2721
1592
1626
2021
1929
2572
1549
1681
1787
1295
1625
2025
4698
2292
2521
1320
1711
1710
2053
2597
1354
5932
1676
2149
1517
2039
1640
1827
2409
1745
1747
1381
1508
1633
2197
1858
1946
1548
1535
1952
2639
1243
1899
2102
1459
1418
1453
1482
2653
2081
2149
2359
1766
1476
2174
1759
1688
2396
1990
5304
1350
2377
2109
1649
5407
1395
1710
2269
1612
1701
2503
2571
1272
1526
1616
2558
1386
1525
1540
1377
2508
2659
2525
4844
1675
1778
1561
1740
1318
1728
1643
2507
1353
2503
2554
1406
2069
1329
4088
2055
2628
1464
2077
1565
2067
1767
1653
1706
1927
1294
2452
1367
2350
2856
1420
1420
2180
5536
2606
1499
5086
2385
1863
5525
2031
4818
1328
2047
5757
1630
1749
2014
1915
2530
1591
2010
4825
1389
2586
1433
2371
1691
1609
5048
4895
2018
1607
1940
1501
2029
4022
1733
1942
2148
1947
1334
2042
2049
2243
2361
2099
6024
2504
1605
1677
3584
2703
2704
1746
2279
2476
1612
2007
5677
2155
2245
2347
1428
1454
1736
5686
2724
1411
1675
2465
2191
2261
2687
1862
2705
1994
1788
2652
1792
1992
2646
2672
2089
2152
1624
2017
4598
1851
1543
4473
2529
2682
2422
2671
1513
1532
2415
1661
4004
1670
2070
5021
1705
1472
1624
1881
1505
1677
1597
2317
2388
1434
1702
2346
1547
2461
2364
2718
1512
2412
4590
1968
5327
2553
2576
1821
2300
2147
2313
1696
2079
4676
1774
2574
2407
2642
1515
2421
1425
1772
1395
2141
5206
2213
2527
2647
1507
1769
5730
1629
1690
2117
5238
1904
2535
1825
1880
2700
6057
1741
1783
2472
1598
2355
1642
1955
1532
2401
1734
5153
4417
1836
2253
1728
2202
1626
1645
2211
2089
2299
2256
2637
1688
1857
2409
1493
2477
2529
1617
1779
1416
1579
5614
1569
2035
5687
2056
2210
2703
1697
1567
1581
2671
1895
1503
1594
2445
2702
1540
1838
1646
5819
1651
1870
1832
2292
2608
2267
2599
1900
2316
1616
2558
3729
1548
1944
2460
1602
2681
1962
2107
1727
3244
2669
2709
1740
2000
5607
2140
2443
1691
1924
2563
2183
1438
1697
1993
2151
2313
2028
1637
1652
2308
1439
4805
1749
1999
3450
1662
4681
1619
5520
1918
2122
1836
2252
2359
1609
1707
1984
1692
1981
1590
1925
2019
1744
2032
4835
2426
2085
2674
1995
1545
2664
1556
2687
2212
1790
2138
5745
1704
2038
5659
1702
1894
2236
2023
2051
2131
2197
2340
1783
2064
4431
1640
1799
3646
1789
3625
1528
1862
1764
2078
4769
1488
1525
1939
2659
1928
2516
1896
2040
1485
2637
2249
1659
2146
1510
1666
2126
1597
1769
1866
2110
1584
2491
1876
3959
1508
1833
1905
1878
2369
2423
2466
2247
2498
2068
1793
1865
1593
1674
1652
2450
2550
1568
1587
2646
2690
1984
2092
1959
1671
2532
1826
1852
4517
2364
2629
2725
1775
4220
2266
2146
1785
4219
1538
2082
1553
2545
2627
1582
1978
2178
1946
2607
1654
2104
1811
2120
4792
1718
1998
2294
1684
1635
2255
1546
2717
1942
3110
1584
2491
1956
2285
4793
2388
2511
1542
2172
2713
2171
1601
1855
2428
2392
1831
1940
4768
1854
2343
1797
2702
2238
1583
1903
2345
2260
2414
2605
1714
2157
1751
2502
1721
2063
2217
1758
1909
1669
1711
2245
2038
2167
3449
1765
1822
2207
2560
1574
2052
2519
1915
2121
2012
2186
1713
1902
1571
2405
2683
1894
1975
2036
1582
1770
2325
2331
1665
2316
2573
1748
2576
2390
2630
2677
1608
1879
2080
2333
1968
2145
3824
2140
2355
1999
2150
4619
1921
2329
2100
2240
2706
2501
2661
2721
2119
2413
1781
2160
2531
1665
1620
2513
1719
2680
1831
2071
2461
2032
2164
4415
1766
2260
2060
2392
2652
2273
2318
1651
1675
2487
2214
1997
1709
2551
2080
2323
1917
2180
2119
1661
1923
2100
2081
2161
5023
1886
1954
2226
2564
2362
2024
2192
2051
3981
2000
2159
3932
1765
2199
2096
2325
1694
2021
1760
1886
2074
2714
2202
2326
2531
2065
2296
2004
1805
6039
2060
2386
1743
2037
1947
2021
2500
2343
1995
2198
2262
2691
2512
2620
2064
2195
5606
2081
3240
1967
2337
2118
2622
2556
2142
2408
2524
2042
2152
6038
2305
2078
2204
5683
1910
2265
2328
2178
2244
6019
2500
2218
2369
1994
2470
2027
2180
5325
1759
2380
2442
2314
2399
2201
2375
1787
2048
2224
2300
2515
2011
1918
2212
1906
2513
2698
1946
2607
1987
2257
2546
2218
2250
5651
2214
2602
2163
2439
2017
2241
3111
2242
2428
2142
2397
2242
2268
3825
2335
1780
2322
2400
1734
2043
2181
2348
2299
2391
2222
2726
2035
2173
3443
2201
2367
2586
2306
2595
2183
2230
5368
2014
1817
1798
2034
3725
1971
2178
5108
2569
2338
2498
1795
2399
1853
2481
1823
2093
2456
2163
2432
2710
2385
1771
2188
2403
2299
1810
2701
2129
2446
2660
2727
1902
2287
1888
2072
2424
1784
2363
2144
2301
1934
2233
1892
2006
3508
2440
2436
2286
2410
1891
2254
2449
1961
2451
2315
2594
2317
2600
2661
1849
2314
2077
2685
1864
2020
2137
2283
2183
2282
3982
1874
2560
2007
2173
4472
1979
2264
2464
2298
2427
1994
2165
2312
2417
2525
2039
2394
2434
2168
2538
2074
2211
2344
2360
2286
2393
1874
2224
2091
2414
2254
2435
2277
2305
2259
2442
1842
1998
2356
2724
1849
2564
2700
1911
2571
5652
2312
2402
1937
2120
5554
2298
2420
2137
2231
2143
2294
2029
2164
6042
2371
2645
2264
2455
2284
2307
2469
2291
2488
2226
2310
2475
2303
2232
2444
2242
5326
2275
4089
2311
2013
2022
2236
1863
2437
1941
2239
2034
2351
2293
2465
1881
2093
2291
2467
2047
2167
4618
2145
5961
2153
2205
2324
2496
2307
2454
2207
1990
2150
5758
2010
2159
5022
2218
5184
2515
2646
2277
2456
2310
2459
2079
2204
3492
1993
2037
2194
2132
2192
2309
2342
2360
5972
2031
2251
3779
2686
1950
2346
1929
2624
2324
2485
2228
2249
2295
2667
1916
2161
3373
1964
2370
2281
2048
2105
2336
2471
2065
2076
2366
2476
2251
2331
5017
2070
2195
3931
2721
2027
2482
2356
2339
2517
2193
2302
2567
2345
2370
2555
2297
2296
2352
2341
2681
2399
2668
2670
2691
2709
2514
2075
2429
2069
1989
2422
2523
2501
2336
2484
2655
2527
2589
2593
1977
2444
2359
2059
2208
2339
2510
2230
3728
2667
2716
2129
2376
2660
2507
2556
1986
4699
2016
2130
1966
2244
3909
2662
2139
2541
2113
2457
2168
2302
2634
1992
2306
2263
2365
2714
2153
2486
1976
2518
2552
1978
2025
2250
3472
2712
2104
2296
2673
2112
2102
2249
2127
2117
2268
5962
2177
2418
2603
1988
2062
2276
2133
2347
2595
2087
2126
2562
2591
2448
2041
2445
2557
2515
2704
2138
2275
4893
2235
2696
2113
2050
2340
2241
5604
2381
2477
2203
2248
2282
2342
4674
2504
2395
2101
2217
2200
2639
2132
2349
2144
2270
2630
2635
2095
2390
2237
2351
2697
2643
2162
2361
2447
2389
2086
2360
4306
2337
2590
2628
2114
2087
2493
2099
2208
2211
2418
2261
2687
2287
2688
2099
5586
5615
2491
2192
2285
2262
2478
2098
2524
2509
2613
2512
2562
2693
2132
2396
5521
2122
2190
2526
2506
2135
2447
2344
2521
2206
2434
2097
2260
2300
2409
2331
3958
2118
2203
2214
2357
2631
2144
2175
2357
2617
2130
2457
2390
2309
2460
2480
2594
2728
2124
2146
2627
2712
2236
2579
2199
2279
2547
2731
2184
2189
2172
2328
2379
2533
2587
2640
2245
2136
2423
2549
2692
2263
2272
6022
2536
2584
2151
2462
2592
2165
2318
2537
2697
2545
2583
2237
2319
2582
2243
5405
2604
2448
2387
2466
2505
2618
2596
2570
2602
2715
2598
2546
2680
2698
2206
2394
2507
2610
2219
2340
2540
2575
2719
2525
2304
2473
2566
2308
2398
2440
2663
2619
2225
2256
2665
2700
3192
2479
2625
2486
2402
2533
2601
2684
2506
2354
2220
2651
2729
2413
2425
2234
2271
2417
2293
2600
2420
2505
2653
2288
2585
2616
2278
2613
2481
2393
2258
2446
2326
4782
2345
2556
2551
2638
2689
2338
2641
2611
2253
2534
2516
5067
2330
2723
2675
2319
2380
5348
4528
2274
4704
2648
2272
2365
2304
2623
2614
2708
2315
2509
2514
2438
2683
2404
4972
2588
2424
2569
2589
5038
4386
2675
5179
2518
2454
4545
3820
2542
2602
5723
2367
2427
2480
2688
2473
2520
2629
2436
2410
2333
2411
6020
2528
2405
2560
2400
2639
2453
2596
2504
3569
5585
2658
2389
2358
2375
2459
2663
2552
2495
2587
2731
2495
2650
5973
2377
2419
2485
2368
2726
2379
2567
2581
2375
2564
2558
2469
2547
2554
2663
2580
2492
2659
2722
2609
2419
2468
2580
2403
2543
2577
2435
2392
2508
2535
2538
2410
2444
2620
2408
2461
2633
2415
2417
2534
2699
2470
2565
2431
2503
2424
2455
2495
2708
2427
2436
2475
2510
2441
2541
2607
2685
2451
2595
2645
2439
2498
2695
2449
2635
2529
2692
2449
2494
2496
2517
2626
2730
2469
2464
2464
2474
2614
2666
2475
2673
2600
2549
2488
2590
2603
2487
2484
2705
2640
2679
2711
2682
2678
2662
2559
2666
2557
2685
2496
2644
2573
2523
2683
2627
2655
2599
2499
2649
2536
2517
2668
2691
2553
2731
2725
2608
2684
2671
2566
2568
2651
2717
2697
2676
2707
2629
2636
2713
2555
2563
2699
2621
2660
2653
2621
2709
2599
2571
2702
2614
2707
2644
2632
2696
2673
2624
2681
2609
2713
2593
2609
2654
2716
2610
2612
2692
2679
2651
2693
2676
2628
2689
2728
2636
2631
2640
2626
2710
2666
2634
2722
2715
2665
2645
2694
2723
2656
2667
2693
2724
2703
2720
2665
2701
2727
2690
2726
2730
2729
2708
2707
2696
2720
2717
2725
2732
3192
3207
5157
2870
2952
3010
2871
3011
3315
2745
3308
3382
2766
3084
4012
2808
3179
3882
2807
3895
5167
2779
3009
3243
2743
3362
3914
2748
4377
5399
2789
4106
2872
4732
5345
5208
5680
3041
3245
3863
3040
3244
3864
3377
4730
2990
3171
3426
2867
3081
4198
2917
3105
5751
2918
3069
5752
2858
3237
6248
2774
2838
5438
2763
2804
3322
2825
3374
5266
2874
3067
6456
2875
3031
6457
2812
3156
3783
2813
3157
3784
2787
2793
5750
2840
2857
3025
2880
3817
3074
3247
3983
2879
2964
6264
4024
4103
2946
2995
5138
2896
3020
5056
2782
5373
5547
2783
5374
5546
2904
3039
3533
2831
4089
2830
4088
3670
6151
2800
2972
4397
2991
3144
5132
2992
3143
5133
2821
4596
4683
4156
5014
2820
2921
5940
2803
2824
4190
3366
4608
3365
6115
2798
5120
5233
2799
5121
5234
2939
3171
3502
3049
3914
2944
3497
3796
2884
3049
3266
4888
6535
3267
4889
6536
2903
3273
3291
3494
4169
2860
3362
4012
2814
3648
4198
3059
3314
5252
3060
3313
4874
4271
5608
4272
5609
4706
5400
2887
3541
5430
2888
3542
5431
6538
6693
3072
4533
2833
4067
4854
2834
4068
4855
4511
4702
4534
4701
2951
3183
3445
3236
3371
3420
2861
4011
5316
3123
3200
3124
3693
2828
4916
2819
3985
6626
2881
3626
5622
2882
3627
5623
2822
3275
5679
3651
5879
2832
4176
5031
6010
4693
6045
2877
3503
5998
3612
5732
2858
3009
2868
2878
3631
2892
3394
3930
4056
6251
2956
3809
6149
3806
4219
3807
4220
6084
6307
3266
6434
3267
6435
2880
4348
5075
2859
4782
6048
2950
3384
5465
3184
4199
2843
3516
5455
4312
6263
3286
4289
4424
3285
4288
4425
3424
3560
3965
4103
4304
3001
3175
6323
3002
3174
6324
2894
3094
2895
3095
3063
3987
4523
3064
3988
4524
2927
3030
3281
2932
4881
4917
2931
4882
4918
3433
3567
5072
2883
3497
4864
2975
3478
4135
4513
5753
4655
5525
3361
3781
3319
3793
3507
3764
4467
3508
3765
4466
2906
3230
5456
2889
3259
5427
2890
3260
5428
3328
6078
2978
5131
2947
3066
3324
3047
4616
3046
4617
4260
5876
3138
3830
4707
3803
6526
3804
6525
3159
3970
4575
4133
5594
4033
4041
5020
6098
6121
3044
5462
3043
5463
3599
6379
4738
6612
3428
3951
6199
3427
3952
6200
2976
5388
2977
5387
2950
4860
2951
4861
3054
3395
6716
3294
4042
3020
4002
4396
2960
4382
2961
4383
4883
5204
3071
3276
4108
2927
4278
5891
2902
5770
6729
2901
5771
6730
3447
4881
3448
4882
2927
6075
3098
3701
3048
3382
3792
4371
6487
3055
4249
4712
3056
4248
4711
3216
3500
3895
3214
3501
3882
2995
3804
4608
3063
3432
6626
3064
3433
6668
2928
3767
5699
2929
3768
6359
2930
2939
3426
3302
6600
3301
6599
2996
4443
4582
3371
3787
4154
3109
5282
2982
3455
5383
2981
3454
5382
3076
4616
5033
3077
4617
5032
3130
4648
5873
3203
3212
3204
3213
3061
4887
4157
5142
4158
5143
3329
3340
5516
3330
3341
5922
3564
4565
6200
3563
4564
6199
3051
3833
4519
3052
3834
4518
3724
2967
2980
3758
2972
4797
5256
3688
4727
4823
3687
4726
4822
4810
5285
3432
3580
6425
3031
5111
3073
3782
3044
4387
4445
3043
4388
4446
3797
5853
2983
5076
2997
4176
4661
2977
4440
4800
2976
4441
4801
4725
5693
3190
3343
3448
3191
3344
3447
3196
3960
4076
3367
3633
3025
3069
3838
5091
6709
6767
4850
5929
3127
3134
3899
3126
3135
3900
3503
4036
3035
4705
5951
3036
3099
3422
3100
3381
3423
3220
3336
6352
5674
3023
3555
5085
3128
3911
6137
3738
4935
5294
5295
3185
5531
3050
4115
4721
3181
5189
3615
5825
3614
5826
3091
3550
3303
3342
5240
2993
3093
5943
2994
3092
5942
3364
3405
6515
3514
4080
5987
3515
4081
5988
4405
5263
3174
5222
3175
5223
4802
5063
4803
5062
5025
5843
6037
5842
6036
3104
4041
5531
3212
3391
5224
3003
3320
5707
3949
6601
3948
6602
3226
3970
3091
3701
4915
3141
3292
6166
3014
3293
6167
3185
3254
5423
3255
3256
5424
3246
3379
3975
3380
3593
3222
3485
6140
3221
3484
6141
4283
5970
3193
3437
3493
3742
4490
6630
3831
3879
5570
3832
3880
5571
3074
4358
4884
5137
3108
3551
4688
3107
3552
5395
3421
3547
3213
3734
4925
4092
3194
4252
4829
3195
4251
4830
3169
3488
5388
3170
3489
5387
3050
3810
3132
3635
4146
6573
3636
4147
6572
3140
3723
4781
3582
3702
3114
5637
3117
3994
6002
3118
3993
6001
4883
4915
3624
3968
3625
3969
3125
3331
5902
5363
5362
3106
5095
5844
3068
4985
3083
4984
3847
4020
3892
3396
3060
3150
3059
3151
3133
3200
5905
3407
3571
3284
4495
3283
4496
3154
3862
4394
3080
4724
5028
3060
3609
4116
3307
3532
4264
3985
3986
3494
3606
3892
3755
5634
3173
5769
5178
5262
4312
3178
3655
5066
4907
5111
4127
6121
3139
3944
3180
3103
3773
5029
4917
4984
4918
4985
3166
4804
6148
3451
3661
5881
5299
5631
4056
4866
3240
3577
5192
5190
5626
3781
5916
3288
4178
4971
3287
4179
4970
3225
4121
4913
3124
3229
3263
3277
4412
4822
3278
4413
4823
3376
3122
4074
3121
4075
3112
3238
3113
3239
3163
3565
4963
3162
3566
4964
5351
6104
3296
3330
3297
3329
3520
4268
6050
3521
4269
6051
4572
4750
4325
5759
3232
5541
3342
5053
3756
5635
3757
5636
3364
4336
3869
3938
3868
3937
6126
6127
3185
5533
3179
4407
5168
3264
3464
4019
3691
4272
3692
4271
3227
4826
5021
3228
4825
5022
4094
5280
4095
5279
3202
6586
3201
3866
5759
3289
3630
3290
6645
5820
6114
3172
4552
5221
4397
4596
3505
3670
4284
3165
5122
3844
5998
3331
6636
3446
6637
3713
4131
5432
3714
4132
5433
3451
5597
3383
5283
4934
5223
3363
4291
3378
3435
3446
3146
4939
3147
4938
3295
3850
4351
3949
5427
3948
5428
3355
3495
3743
3356
3496
3744
3151
6608
6609
4090
4359
6768
4091
4360
6769
4307
4751
3158
4752
4831
5244
5278
3229
5243
4344
6656
5707
6088
3208
3556
4862
3177
4318
5243
3741
3946
3632
3741
3173
4899
5867
4900
5866
4999
5694
3389
4305
5696
3390
4306
5695
4899
5294
4900
5295
4310
4411
5690
5361
3249
3250
3242
3425
5675
4421
5960
3586
4547
5660
3332
3808
5594
6228
3605
3670
4649
3282
5428
3505
4096
3231
3511
4502
3197
5458
5925
3323
3593
3878
3482
4124
4436
3666
4812
3667
4811
5903
3510
3867
3366
4603
3365
4604
4724
4747
4120
5019
3399
3401
5463
3398
3400
5462
3835
4039
6510
4214
5040
3304
5097
3305
5098
4464
6426
4463
6427
4737
5010
3421
3816
3215
3610
3773
3224
4354
5163
3223
4355
5162
5909
5829
4569
6300
4887
6313
4755
6358
3529
3578
6585
3415
4805
5311
3416
4806
5312
3253
6543
4205
5118
4204
5117
4957
5715
4958
5714
4254
4849
4135
4470
4027
6657
4639
6658
4421
5066
5811
3936
3983
3318
3839
3350
3829
6165
3257
4242
4506
3258
4243
4505
6172
5330
6258
3292
5126
3293
5127
4530
3417
3535
4124
3590
5548
3654
5266
5542
5543
5814
5944
3585
5832
3471
4239
6099
3272
5235
3271
5236
3274
4107
4308
3425
3751
5088
3752
5087
3700
3733
3650
3699
3381
3859
5136
5603
5135
5602
3345
3949
3346
3948
3268
4390
6716
3319
3754
4315
4266
6489
3441
4277
3351
3482
3978
6391
6392
6014
6211
3273
4010
4168
3480
3933
5799
5158
5937
5159
5938
5802
5253
5971
3309
6247
3375
4343
3348
3468
3349
3469
3316
3687
4313
3317
3688
4314
3291
4315
3771
4938
3439
4112
3438
4113
4196
4566
4197
4567
3345
4947
3346
4948
4057
6273
4025
4554
3872
4382
4383
3573
4273
4865
4916
4600
5688
4599
5689
3418
4162
6442
3419
4163
4318
3436
4813
6223
3614
6699
3615
6698
4393
6010
4244
5780
4245
5678
3388
4027
4350
4562
5562
3353
5723
3352
5724
3441
5105
5394
3381
4161
5638
3363
3984
4448
5250
5512
5251
5848
3376
4946
3385
4794
3386
4795
4259
5863
4154
4513
4804
3562
3788
6017
3571
3941
3490
3935
5821
6343
3421
4343
4907
3408
3486
5997
3409
3887
5996
4721
5065
5638
5637
4177
4772
5832
3546
3634
3693
3483
3678
3927
3805
4820
3429
5924
3468
3563
5051
3469
3564
5052
3549
3579
6474
4761
6304
4762
6303
3746
4482
5805
4483
5806
6437
6438
3587
4512
5455
3906
4726
3907
4727
4498
5464
4015
5166
4431
4484
4063
4430
3430
4233
5156
3749
5640
3750
5641
4080
4385
6280
4081
4384
6279
3764
3785
4845
3765
3786
4846
3722
4106
3719
4267
4791
3559
3558
4366
6766
4261
4550
4753
4262
4551
4754
3378
4471
5823
3793
3490
4187
5161
3710
4489
3698
4731
5269
6003
3913
4954
5718
6656
4424
4452
4425
5110
5444
5634
6276
3516
5427
5331
5755
5354
5756
3509
4728
5077
4672
4729
5272
5325
5271
5324
4184
4345
3664
4454
6364
3665
4455
6365
3659
4273
4126
6014
3639
3957
3682
4328
6600
5158
5362
5159
5363
3530
6017
3531
6016
3519
4662
5952
3537
3728
4650
3538
3729
4651
6281
6307
3445
3649
5630
3467
4929
5070
5593
5069
5592
3429
5242
6092
3526
3950
6354
3916
6101
6507
3917
6102
6506
3590
4185
5464
4644
5555
4645
5554
4183
5228
4896
6371
4897
6372
4681
4960
5057
5423
5058
5424
3431
4512
4253
4211
3979
4945
3980
4961
5836
4942
5396
3611
3662
4231
4232
4125
4236
4501
3557
5928
4213
4276
4234
4700
3955
6422
3956
6423
3545
3671
5053
6406
5402
6692
6766
4178
4479
4179
4478
3539
6502
6640
6641
4252
4327
4251
4326
5630
3705
3990
4159
3704
3989
4160
5491
5592
5492
5593
3643
3785
5595
3644
3786
5596
3557
3852
4471
3745
3973
4060
4587
4601
4588
4602
3522
4521
4757
3523
4522
4758
3517
3816
4612
4640
4613
4641
3645
3822
4111
4110
4444
4450
6251
5901
6402
4165
4249
4166
4248
3790
4040
6184
4456
6762
6771
4457
6763
6770
3478
3672
3920
5192
3535
3574
4835
3517
5137
3591
4913
5515
4786
3658
4373
4296
6635
4297
6634
3544
3586
3570
5746
5869
3769
5798
3770
5799
6261
4100
4136
4101
4137
3592
4099
5878
4228
6531
4227
6532
5029
3589
5035
5856
3588
5034
5857
4702
5474
4701
5475
4021
4921
5797
3544
3637
4682
4114
3611
3795
5366
4583
4584
4639
6659
3512
3776
3513
3777
3596
4702
3597
4701
5004
6415
5003
6414
4939
5591
3818
5590
5870
4853
5337
5433
6680
5432
6679
5147
5616
5148
5617
3620
3664
4300
3621
3665
4301
3654
5270
3660
3791
6165
3585
3792
3936
5360
6083
5684
5937
5685
5938
3697
4339
5056
5074
3658
5310
5721
5225
3604
4427
5315
3653
4097
3652
4098
5702
6092
3921
4058
5690
5339
6087
5340
6086
3698
3739
6424
6183
4254
5389
3640
5934
3747
3818
4170
4638
6549
5662
6537
3641
3975
5693
5945
5694
5946
3634
4789
5979
3753
3902
4525
5590
5867
5591
5866
6008
3804
6533
3803
6534
3611
3638
3702
3736
4683
3696
5025
3906
3907
5685
5938
5684
5937
4229
5218
3662
3735
5633
4225
4526
4285
5813
6715
3851
5241
5892
5073
5903
3629
4834
4763
4777
4764
4778
3595
3672
4167
6156
4189
5729
5219
5663
3774
3840
5900
3617
4050
4202
4509
4203
4508
3679
5843
4148
5548
5202
5537
5203
5536
4148
4320
5802
3622
6343
3913
3623
5722
5732
3694
5858
4126
4663
4127
4502
3656
3973
4986
3657
4987
3997
4088
6503
3998
4089
6504
4352
4684
4353
4685
5524
5713
4832
5064
4235
5456
4276
4386
5359
3631
3689
5026
3737
3773
4750
5524
4218
5754
3725
4311
5589
4744
4743
4093
4419
4428
3736
4423
4367
4771
6040
4368
4770
6041
3824
5961
3825
5962
3755
4335
4218
4581
5333
5334
5483
5885
5482
5884
4023
5145
5783
5228
5515
3865
3901
4885
3726
3999
4370
6767
6659
4788
6253
4787
6252
3655
6732
3823
4369
3761
4773
3677
6021
3878
3913
3737
4703
5584
4359
4903
4360
4904
3941
4884
3727
4858
4073
4226
5809
4814
4865
5242
5597
3811
4195
5241
6393
3706
4356
3707
4357
6299
5888
3909
4936
3910
4937
6455
4491
5661
5568
5669
5567
5670
3918
3741
4933
4934
5445
5446
3961
4008
3962
4007
3716
3813
4692
3715
3814
4691
3746
5055
5332
3743
5522
6537
3744
5523
6538
3892
3897
4738
3823
5366
5841
3877
4789
3696
3946
3847
5766
3681
5156
5418
4190
5754
5541
6266
4456
5115
5419
4457
5116
5420
3760
4833
4859
3719
3964
6431
4045
4044
3811
3881
3723
5222
5840
6280
6664
6279
6663
6464
3850
4658
3999
5685
6081
5684
3908
4836
5064
3740
3752
3751
4035
5076
6528
3789
4814
5210
4204
4400
4205
4401
3995
4160
3996
4159
4077
4518
5755
4078
4519
5756
4009
5995
3717
4376
4657
3945
4819
5396
4051
4753
4052
4754
3953
4355
3954
4354
4941
4967
4462
4635
5598
5043
3879
5505
6162
3880
5506
6161
4940
5930
4933
3815
6262
5370
3927
3946
4015
6054
3996
3995
4119
5452
3774
3819
4885
3963
4535
4914
3774
5131
5329
5509
4265
5765
4875
4224
4624
5270
6354
5924
6285
4363
6031
5861
5862
4250
6066
6112
3816
4019
3794
4030
6350
4856
6553
4857
6554
5423
5424
4053
6630
3810
3873
4548
5727
6555
5728
6556
3843
4953
3867
4099
4258
4215
5657
4241
4959
4206
4709
6462
4207
4710
6463
4877
4876
3840
5611
5765
4454
6340
4455
6341
5590
5867
5591
5866
3971
5702
3841
3847
4059
4186
5169
5739
3836
5474
3837
5475
3850
4952
5553
4752
5173
4751
5174
5245
4287
4808
3856
5375
3857
5376
5103
5104
4960
5167
4608
5547
6328
6369
4038
4348
3797
5982
6648
5276
4452
5160
3798
3971
3853
4224
4580
3918
6398
3943
4610
6351
3942
4609
6322
4485
4558
5292
4486
4557
5293
5681
4093
4662
6553
6681
6554
6682
3812
4358
4134
4377
5566
3819
4099
5476
5106
6726
5107
6725
4021
4416
3915
5347
4967
4061
4729
5182
4728
5181
4258
4358
6514
5551
5552
3866
4394
5486
4174
5006
4175
5005
5302
5568
5301
5567
4665
6403
4666
6404
4294
5250
4295
5251
4350
4510
4700
6676
4741
6677
3868
5440
3869
5439
4061
3919
4020
3843
3972
4026
5205
4102
4133
4413
5045
6689
4412
5046
6688
3982
5246
5714
3981
5247
5715
5879
5967
3926
3929
4164
5847
4876
4989
5737
4877
4988
5738
4510
6657
4573
6658
3896
5765
5900
3881
4161
3914
4520
5043
3888
5144
5308
4767
6351
3940
6171
3939
6170
4210
6229
4325
4663
5604
5605
3959
4762
5448
3958
4761
5447
4109
5316
4652
5735
4560
5518
5935
4561
5519
5936
3947
4210
4426
3947
4083
5161
6653
6652
5259
5090
4047
4599
6357
4046
4600
6383
3924
4380
6669
3889
5486
5922
3912
6230
4449
4656
4402
5637
4506
4622
5352
4505
4623
5353
3899
5488
6596
3900
5487
6595
5027
5532
5675
4547
5119
3905
4791
6643
5275
3901
4426
5150
5984
3968
6295
6401
3969
6217
6400
4336
6620
3980
3979
4549
5562
6389
6390
5399
5610
6084
6307
4863
5639
4065
6651
4066
6650
6124
4266
4421
3976
4935
4250
5191
4001
4023
4953
4033
4433
5720
5008
6246
4000
4001
6273
4161
4998
5310
4194
4292
5846
4465
5259
3963
4500
4896
5255
4897
5254
4396
5341
4938
5155
5193
4064
5110
6446
4598
6289
4597
5800
4609
5487
4610
5488
4533
4766
5542
4767
5543
4128
4974
4215
6432
5199
5545
6519
4095
5386
4094
5385
4247
6243
4246
6244
4002
6291
4003
6290
5566
5639
5442
5441
4774
5018
4566
4779
4567
4780
5210
4018
6491
4263
5916
4294
5318
6686
4295
5317
6687
6170
6171
3974
5155
4210
5712
5378
5213
5894
5160
4050
5951
4037
4266
5964
5002
5844
4795
4794
5471
5472
4270
5220
6355
4150
4053
5984
4364
6521
4365
6522
4297
4356
4296
4357
4028
4172
6632
4029
4171
6633
4384
4646
4385
4647
4892
5195
4893
5196
5308
5673
6436
4026
5204
5544
5762
4755
5436
4569
5437
4307
4361
5922
5668
6666
5667
6667
4155
4715
4109
4494
4321
4420
4018
4709
4717
4982
4710
4716
4983
4436
4367
4996
6028
4368
4997
6027
6091
5105
5960
4076
4422
5429
4554
4807
6131
5783
5902
6229
4510
4718
6515
4682
6517
4187
6178
4391
4757
5449
4392
4758
5450
4240
4241
4697
6268
5675
5900
4120
4480
4128
4212
4042
5168
5934
6631
4241
4611
5720
4611
4183
4786
5053
4888
5717
4889
5716
5416
6564
5417
6563
4543
4585
4544
4586
4821
4485
4713
4486
4714
4994
4537
5358
5609
4538
5357
5608
5746
5928
6436
4411
5092
5411
5964
5123
5690
4195
4908
5493
5967
4238
5444
6152
6259
6270
6467
6269
6466
4300
6720
4301
6721
4153
4226
4974
4134
4259
4730
4323
4577
4935
4930
5834
5925
4149
4286
4087
6199
4086
6200
6103
4313
5317
4314
5318
4188
5473
5941
6451
6452
4107
4527
5642
4886
5712
4157
5164
6419
4158
5165
6420
4565
5320
4564
5321
4909
4910
6289
6413
6735
6734
4103
4807
4246
6253
4247
6252
5460
5682
5459
5683
4350
5700
4208
4550
6117
4209
4551
6118
6612
4563
5138
5336
4420
5045
6306
5046
6305
5793
6134
5792
6133
4191
5372
4278
5065
5277
5584
4803
4879
5478
4802
4880
5477
4977
5239
5797
4285
6284
5645
6427
5646
6426
6278
5896
6587
4511
4534
5289
4180
5414
5990
4181
5415
5991
4208
6679
4209
6680
4487
6231
5197
4675
5513
4676
5514
4165
4556
5340
4166
4555
5339
4244
5211
5250
4245
5212
5251
4733
5661
4410
4864
5194
4932
5418
4931
4990
6691
6761
6690
6760
4237
5883
5925
5890
6473
4222
4341
6057
4221
4342
6058
4212
4286
6308
4497
6328
4405
6015
6580
6579
4792
4793
5244
5375
5243
5376
4469
4667
5651
5652
5172
5648
4320
4785
5468
6479
4309
5220
4202
5816
4203
5817
4250
5497
5908
4227
6065
4228
6064
4182
4394
6349
4472
4473
5313
5726
5314
5725
5024
6013
5389
4419
4536
4253
4498
5783
5902
6339
5141
5256
4200
4926
4201
4406
4807
4949
5646
4950
5645
4468
4850
6285
5177
6387
4507
6388
4914
4304
6386
4798
6531
4799
6532
5932
5933
6749
6750
6316
6435
6317
6434
5985
5986
4319
5277
6489
4906
5359
5809
5905
4233
4740
5645
6101
4739
5646
6102
5346
4329
4330
5404
5403
4273
5086
5736
5029
4527
5054
5040
4799
4798
4311
6719
4824
5632
5882
5466
5738
5467
5737
5796
4335
4693
4381
5833
4397
6334
4580
5465
4318
6372
4667
6265
4465
5026
4281
5233
4282
5234
5044
5457
4274
4275
4699
4698
4619
4618
6382
5917
4282
4578
5609
4281
4579
5608
4414
4664
4690
4929
5800
5335
5461
4606
5000
4605
5001
4414
6113
4444
4952
4878
6124
5540
6282
5041
5528
5042
5529
4290
4502
6236
6235
4650
5163
4651
5162
5134
5137
5815
6182
4308
5002
5377
4704
4813
5134
4622
4623
4453
5319
5286
5517
6155
4435
4772
5821
4779
5032
4780
5033
4533
4884
4293
5871
5822
6550
4366
4382
5211
5212
4788
4787
4327
4695
5483
4326
4694
5482
6364
6365
4583
5926
4584
5927
4664
6444
6445
5486
5166
4593
5650
4324
5479
5697
6551
5618
5619
5316
5117
5313
6764
5118
5314
6765
4349
4405
4834
4409
5149
4349
5071
6085
5379
5951
5036
5263
4402
5658
5659
4559
6583
6604
6605
4482
4517
6052
4483
4516
6053
4387
5539
6439
4388
5538
6440
6045
4380
5264
5851
5265
5852
4450
6385
4362
4831
5516
4743
5491
4744
5492
5085
4766
6322
4428
5699
4993
6004
4992
6005
4407
6015
4395
4497
4355
4691
4354
4692
4787
4788
6727
6728
5174
6303
5173
6304
4525
6147
5419
5466
5420
5467
6692
5305
5306
4939
6337
4453
6709
4381
6310
4637
5307
5908
5025
6116
4441
5481
6530
4440
5480
6529
5870
6179
6137
5352
5510
5353
5511
5282
6132
4453
4955
4956
5229
6615
6616
4406
4559
6309
5230
5347
4840
5397
4841
5398
4451
5031
4489
4658
6133
4766
4818
5731
4767
4817
5730
4644
5392
4645
5393
5533
5490
5560
5489
5561
6131
6111
4434
5931
6441
5276
6022
4561
4987
5367
6475
6476
6227
5039
5171
4747
5198
4474
5654
4475
5655
4662
5429
4494
6042
4488
5562
4616
4617
4636
4553
5194
5348
4498
5665
6383
6123
6122
4491
4715
6328
5656
6619
5008
6224
6510
6631
5502
4490
4653
5319
5478
5582
5477
5583
6562
6561
4554
5189
6638
4547
5298
4969
5084
5885
5083
5884
4661
4828
6431
5209
5871
6081
6347
5869
4549
6112
4507
5097
5098
5999
6000
4479
4873
5670
4478
4872
5669
5528
5627
5529
5628
5275
6228
5854
6761
5855
6760
4499
5526
5577
5525
5578
4628
5513
4629
5514
4690
5835
4998
4503
4504
4631
6149
4630
6148
4523
5126
6166
4524
5127
6167
5686
5687
4886
5205
4582
4940
6430
5667
5668
4568
6247
4615
4614
5598
5784
4562
4821
5023
5970
5210
4542
6145
6460
4541
6144
6459
4785
4847
6419
4848
6420
6369
6008
6619
4611
6268
4648
5253
5124
5677
5125
5676
4612
4613
6344
4843
6292
4844
6071
5994
5633
6413
5449
5691
5450
5692
5791
5790
6655
6654
5024
5789
4840
4980
4841
4981
5890
4994
5443
4563
5496
5371
4630
6363
4631
6362
4658
5023
4618
5011
5757
4619
5012
5758
6111
6078
6268
5224
5451
6196
6235
6195
6236
4699
4848
5804
4698
4847
5803
6255
6397
6254
6396
4668
6109
4669
6108
4570
5774
4571
5775
4592
5632
4875
6751
6752
5518
5572
5519
6678
4711
5613
4712
5612
4605
4754
4606
4753
4625
5049
5221
5050
5553
4837
6029
6030
6301
6302
6336
6371
5819
5679
5898
5680
5899
4864
6486
4639
6464
4869
5516
5823
4827
5837
5239
5949
6009
4624
4853
4868
6154
4867
6153
5959
4696
4902
6169
4845
4846
4719
6119
4720
6120
4757
5227
4758
5226
5072
5876
6150
4678
5966
4679
5965
5068
6584
4670
6335
4644
5886
6749
4645
5887
6750
4706
5654
5655
5058
5057
5257
5616
5258
5617
5011
6529
5012
6530
5761
5760
4693
4700
5898
6595
6596
5217
5216
5297
6238
5296
6237
4936
5049
5549
4937
5050
5550
6153
6154
5407
5139
5372
4775
4922
5003
4776
4923
5004
5460
6264
5459
6265
5694
5693
4890
5264
4891
5265
4707
5664
6357
6242
6338
6219
6241
5872
6203
5241
6694
5364
5602
5365
5603
4675
4809
5108
4676
4810
5109
5425
6660
5426
6661
5338
4731
6208
5368
5369
6211
6308
5091
5801
5218
5577
5795
5219
5578
4680
6068
4671
5877
4660
5385
6735
5386
6734
6168
4929
6370
5580
6195
5581
6196
4703
5203
6069
5202
6070
4951
6147
5762
5889
4756
5700
5471
6250
5472
6249
5359
5666
6009
4928
5996
4927
5997
5681
5769
6245
6071
5094
4957
5435
4958
5434
4783
5558
5616
4784
5559
5617
4725
6114
4774
5092
5421
5197
4830
5740
4829
5741
5028
5346
4773
6078
6402
6384
5013
5379
5094
6646
4790
5864
5952
4922
4923
5793
5792
5261
6471
5260
6472
4733
6079
6512
6080
6511
6281
6292
5272
5975
5271
5974
4773
5558
5874
5559
5875
6513
6137
4794
4795
4825
4826
5705
6248
5764
6443
5995
4770
5135
5778
4771
5136
5779
4901
5282
6465
6296
5298
5175
6176
5176
6177
5112
6446
4797
5141
6107
5751
5752
4922
5311
6160
4923
5312
6159
6741
4845
4903
6061
4846
4904
6062
5713
4817
4818
5747
5350
6594
5142
5153
5214
5143
5154
5215
5689
5688
4803
5291
4802
5290
5331
5710
6759
4978
5469
4979
5470
4838
4839
5140
6103
5414
5620
5415
5621
5129
5942
5130
5943
4812
4811
5133
5624
6409
4919
5573
4920
5574
5039
5844
5199
4924
6107
6049
5393
5392
5354
5711
6759
4924
4931
4932
4975
6086
4976
6087
6018
6628
6627
5289
5411
5827
5846
5847
6640
6641
6063
4914
4859
5631
5647
4898
5054
5371
4990
4853
5407
5332
5716
5717
6584
6707
5330
6197
5024
5043
5373
5374
5823
5328
5517
5346
5504
5171
5171
5080
6112
4858
5166
4943
6294
4944
6293
5357
5358
5040
5283
6629
5966
5965
5164
5165
5384
5515
4905
5081
6105
6226
5082
6106
6225
5551
6317
5552
6316
5005
6681
5006
6682
5496
5028
4970
5982
4971
5983
4907
5122
4959
5075
6369
6232
6527
5357
5397
5358
5398
4998
5638
5151
5521
5567
5152
5520
5568
4970
5982
4971
5983
5252
5914
5031
5577
5578
5611
5818
6226
6566
6225
6567
6610
6611
5178
5131
5019
6262
5078
5079
5743
6460
5742
6459
6468
6469
4928
6216
4927
6215
5606
5607
5038
5509
6456
6457
5468
5940
6412
6513
5910
5911
4962
5929
6361
6565
5663
6093
5595
5999
5596
6000
5273
5856
6367
5274
5857
6368
5565
4946
4969
6202
6201
5147
5505
5148
5506
5479
5828
5400
5007
5089
5629
5719
5593
5592
5809
5905
6064
6065
4963
4964
5744
5745
4995
5394
5877
5418
6191
6271
6192
6272
5354
6516
5178
5125
6439
5124
6440
6142
6176
6143
6177
5443
6443
4969
5189
4991
5139
5249
5425
5248
5426
6254
6255
6184
5027
5331
6581
5822
6203
5235
5236
5292
5534
6722
5293
5535
6723
5105
4994
5845
6167
5181
5333
5182
5334
5283
5303
5408
5304
5409
5229
5060
6056
5059
6055
5570
6195
5571
6196
5003
6624
5004
6625
6204
6205
5049
5123
5050
5103
5466
5104
5467
5719
5286
5372
6368
6757
6367
6758
5298
6612
5120
6345
5121
6346
5395
5707
5175
5494
5176
5495
5095
5980
5981
5128
5329
6465
5186
6344
6405
5090
5660
5480
5481
6433
6528
5263
6299
5206
5348
5699
5174
5441
5173
5442
5092
5299
6021
5030
6558
5255
5254
5259
6358
6059
6519
6611
6610
6206
6207
6552
6590
5095
5240
5377
5653
6042
6271
6695
6272
6696
5512
6705
6672
6671
5436
5774
5437
5775
6029
6314
6030
6315
5080
5917
5815
5088
5087
5727
5946
5728
5945
5094
6528
6639
5321
6566
5320
6567
5410
6527
5119
5502
6278
6045
6247
5382
5842
5383
5843
6288
6704
6668
5157
5168
6074
6406
6184
5190
5188
5979
5619
5849
5618
5850
6385
5505
5573
5506
5574
5380
5406
5381
5405
5361
5661
6319
6382
5172
5912
6300
5402
5096
5146
5524
5722
6412
5322
5323
5179
5406
5884
5180
5405
5885
5986
6118
5985
6117
5115
5116
5854
5855
5563
5564
5177
5122
5208
5899
5195
5549
5935
5196
5550
5936
5595
5596
6523
6524
5456
6001
6002
5221
5538
5539
6076
6077
5642
6606
5957
5958
5193
5840
6337
6027
6028
6116
6266
5411
5766
5281
6729
6730
5721
6068
5169
5673
5198
6313
5570
5571
5429
5345
6743
6481
6480
6747
6746
5366
5796
5660
6323
6324
5161
5247
5246
5214
5215
5579
5656
5187
6139
6620
5300
6506
6507
6139
6496
6497
5349
5350
5268
6492
5267
6493
5530
5891
5923
6388
6642
6387
6643
5349
6701
5351
5421
5908
5841
6486
5733
5734
6263
6482
6072
5490
5602
5778
5489
5603
5779
6011
6012
5262
5712
6340
5653
6341
6648
5402
6138
5355
5356
5330
6258
5803
5804
5352
5353
5737
5738
6546
5235
5236
5281
6278
5450
5449
5384
6009
5639
5735
5342
5412
5798
5341
5413
5799
6028
6027
5445
6340
5446
6341
5493
5873
6352
6707
5880
5989
5368
5369
5725
5987
5726
5988
6356
5338
6478
6477
5422
5558
5559
5433
6695
5432
6696
6718
6312
6311
5270
5303
6086
5304
6087
5361
5782
6011
6012
5919
6207
5918
6206
6645
6172
6704
5882
6586
5942
5957
5943
5958
5978
5563
5569
6378
5564
6379
6647
5417
5447
5689
5416
5448
5688
5964
5477
5478
6738
6739
6449
6450
5305
6471
5306
6472
6576
5896
6606
5453
5521
5454
5520
5968
5969
5401
5599
5310
5315
5732
6678
5620
5621
6032
6033
5722
5618
5619
6709
6560
6559
5355
6297
5356
6298
6407
6408
5552
5703
5551
5704
5410
5610
5371
5858
6401
6400
6150
6286
5950
6455
5379
5864
5377
6492
6493
5672
5671
6742
5528
6050
5529
6051
5443
6715
6401
6400
5904
6744
6745
5422
6670
6320
6321
5490
5489
6421
6576
5706
6366
5741
5740
6477
6478
6067
6378
5538
5677
5539
5676
6036
6037
5389
6516
6581
5413
5412
6025
6376
6738
6026
6377
6739
5555
5554
6074
6088
6256
6257
6647
6639
5421
5828
5439
5605
5440
5604
5480
5757
5481
5758
6082
5430
5431
5988
5987
5615
5614
6762
6763
5831
5776
5777
5613
5612
5742
5743
6673
6674
5503
6386
5751
5752
6303
6304
5960
5961
5962
5952
6107
5698
6333
5643
5664
5644
5665
5465
5848
6712
5883
5948
6326
6327
6063
6223
5600
5601
5959
5750
5499
5682
5498
5683
6396
6397
5978
6283
6673
6674
5821
6343
5830
6496
6497
5546
5601
6016
5547
5600
6017
6241
6242
6216
6215
6333
6274
6751
6275
6752
5872
6318
5976
6326
5977
6327
5695
6163
6311
5696
6164
6312
6054
5894
6146
5754
5796
5557
6302
6666
5556
6301
6667
6359
6047
6135
6046
6136
6267
5846
5847
6665
5522
5523
5662
6693
6684
5589
6684
5565
6284
5533
5548
5633
5920
6466
5921
6467
6408
6407
5890
6166
5863
5731
5730
5626
5889
5625
6059
6753
6468
6469
5858
6129
6643
6130
6642
6095
6189
6094
6190
6019
6020
6110
5735
5827
6067
5662
6421
6374
6375
6096
6098
6703
6097
6099
6702
5763
6308
6597
6710
6598
6711
6090
6193
6089
6194
6706
5770
5805
5771
5806
5635
5837
6088
5636
5649
6114
6719
5598
6348
5830
6342
5622
5623
6122
6123
6665
6325
5768
5767
6621
6622
5886
5887
5741
5740
5810
6514
6128
6552
6717
6095
6213
6094
6214
5657
5729
5853
6685
5634
6618
6617
5733
5861
5734
5862
5971
6621
6622
5729
6474
5912
6591
5820
5868
5701
6355
6493
6492
6359
6381
6380
6708
6432
6496
6497
6048
6563
6564
5812
6361
6158
6157
6480
6481
5767
6134
5768
6133
6731
6334
6670
5829
6712
5724
5723
6115
6480
6481
6047
6256
6046
6257
5974
5975
6150
6286
6409
6458
6031
6147
6398
6316
6498
6317
6499
5718
5863
6384
5748
6234
6306
5749
6233
6305
6417
6575
6418
6574
6486
6397
6396
5906
5907
6266
6432
5739
5950
6186
6185
5976
5977
6503
6504
5903
5759
6255
6254
6468
6469
6251
6245
6404
6598
6403
6597
5789
5814
6197
6575
6574
6466
6506
6467
6507
5963
5994
6211
6223
6565
5832
5793
5792
5782
6023
6024
6237
6376
6577
6238
6377
6578
6592
6593
6185
6376
6186
6377
6294
6293
5909
6705
5824
5929
6059
6100
6338
6458
5985
6221
5986
6222
5825
6036
6168
5826
6037
6169
6013
5817
5933
5816
5932
5837
6220
6509
6684
6719
5834
6733
6231
6031
6138
6110
6052
6053
6498
6628
6499
6627
5840
5841
5888
6662
5892
5949
6232
6284
6353
6406
6157
6158
5836
5947
6296
6082
5872
6128
6342
6698
6699
6550
6103
5912
6590
5941
6198
5878
6441
5998
5894
6370
6125
6051
6221
6050
6222
6084
5970
6630
6488
6391
6686
6392
6687
5975
6119
5974
6120
5881
6691
6690
6069
6070
6101
6240
6427
6102
6239
6426
5935
5936
6433
5944
6085
6353
6505
6508
6416
6733
6692
6010
6090
6374
6089
6375
6743
5913
6224
6093
5916
6073
5983
6276
6649
5990
5991
6732
5904
6075
6683
5931
6261
6339
6018
6289
6380
5897
6156
6334
6592
6593
5915
6557
5913
6475
6536
6476
6535
5978
6061
6428
6062
6429
6104
6198
6267
6288
6520
6155
5926
6061
5927
6062
6140
6269
6141
6270
6182
6232
5947
6038
6039
5956
5989
6430
6246
5953
5956
6008
6623
6013
6373
6015
6362
6363
6325
5953
6021
5967
6003
6649
6394
6453
6395
6454
6461
6006
6007
6165
6134
6179
6332
6331
6345
6577
6346
6578
6587
6249
6445
6250
6444
6097
6096
6697
6604
6605
6740
6490
6523
6524
6314
6403
6653
6315
6404
6652
6014
6331
6332
6613
6614
6100
6069
6109
6070
6108
6007
6734
6735
6407
6408
6748
6413
6389
6390
6172
6747
6746
6032
6722
6033
6723
6569
6568
6185
6186
6168
6448
6541
6169
6447
6542
6206
6207
6192
6471
6191
6472
6118
6395
6117
6394
6644
6129
6515
6363
6362
6216
6215
6130
6517
6662
6607
6067
6318
6100
6183
6219
6697
6113
6490
6104
6110
6126
6521
6127
6522
6434
6535
6435
6536
6748
6424
6198
6356
6520
6131
6260
6360
6425
6556
6555
6588
6589
6162
6566
6161
6567
6121
6582
6347
6455
6371
6372
6125
6360
6771
6770
6590
6632
6633
6178
6287
6153
6256
6154
6257
6355
6152
6764
6765
6453
6454
6163
6249
6164
6250
6151
6258
6380
6381
6208
6675
6416
6670
6484
6485
6463
6627
6462
6628
6560
6559
6445
6444
6241
6242
6187
6495
6519
6188
6494
6520
6230
6292
6331
6274
6275
6277
6742
6209
6279
6713
6210
6280
6714
6527
6332
6508
6558
6509
6557
6213
6294
6214
6293
6695
6696
6226
6374
6225
6375
6220
6205
6580
6204
6579
6342
6717
6718
6248
6233
6452
6234
6451
6322
6502
6637
6271
6272
6338
6594
6246
6259
6675
6295
6494
6679
6680
6479
6263
6518
6638
6273
6281
6381
6671
6672
6711
6710
6738
6739
6650
6760
6651
6761
6252
6725
6253
6726
6358
6261
6309
6491
6313
6703
6702
6373
6634
6635
6453
6454
6629
6310
6350
6473
6546
6373
6705
6325
6366
6339
6441
6470
6545
6717
6544
6718
6701
6300
6364
6736
6365
6737
6552
6387
6388
6314
6315
6583
6405
6459
6460
6550
6357
6543
6323
6615
6324
6616
6702
6703
6410
6415
6451
6411
6414
6452
6644
6603
6694
6442
6584
6514
6350
6613
6614
6753
6352
6646
6351
6636
6494
6495
6488
6398
6754
6607
6429
6428
6386
6389
6390
6383
6607
6416
6720
6721
6473
6549
6751
6752
6421
6474
6685
6470
6487
6644
6672
6689
6671
6688
6482
6624
6625
6418
6609
6608
6422
6423
6544
6545
6505
6626
6727
6728
6447
6448
6639
6461
6439
6601
6440
6602
6707
6700
6648
6500
6501
6456
6561
6457
6562
6594
6731
6498
6499
6659
6479
6706
6511
6512
6657
6658
6741
6487
6642
6662
6633
6666
6632
6667
6585
6510
6500
6501
6505
6547
6548
6656
6553
6554
6617
6618
6755
6756
6741
6724
6732
6551
6582
6762
6763
6749
6750
6533
6562
6534
6561
6533
6534
6537
6538
6542
6547
6599
6541
6548
6600
6698
6699
6646
6580
6579
6549
6582
6583
6599
6570
6571
6589
6588
6569
6568
6621
6622
6700
6652
6653
6589
6618
6588
6617
6634
6650
6635
6651
6654
6655
6685
6660
6661
6724
6591
6629
6606
6712
6676
6677
6637
6636
6713
6714
6615
6616
6700
6754
6681
6682
6654
6655
6640
6641
6660
6661
6623
6669
6708
6755
6756
6649
6645
6665
6710
6713
6711
6714
6740
6675
6676
6677
6693
6694
6754
6744
6745
6755
6756
6725
6726
6701
6706
6731
6716
6736
6737
6764
6765
6759
6757
6758
6747
6746
6742
6744
6745
6743
6753
6768
6769
)


// ************************************************************************* //
